310
96
52
47
79
94
26
9
20
17
15
45
38
46
85
82
100
79
4
48
32
61
44
98
60
24
36
12
23
71
64
44
33
40
22
79
15
31
15
19
57
62
49
79
82
27
38
9
69
79
43
80
39
35
33
18
68
30
54
52
80
98
91
56
92
87
34
16
86
83
98
47
51
44
22
30
41
10
2
64
60
41
69
26
65
22
68
79
4
55
47
82
1
97
54
44
48
96
79
11
49
60
8
64
79
56
92
87
56
19
25
55
60
20
72
62
99
31
62
14
40
99
20
71
84
66
56
30
1
35
59
50
87
61
63
5
3
32
5
74
23
39
32
20
38
48
27
90
19
75
80
45
36
69
79
26
53
68
50
53
75
34
76
53
30
88
56
57
13
48
24
61
89
59
92
99
2
27
35
40
42
84
71
92
71
70
58
15
32
88
98
84
73
4
25
84
14
51
77
74
11
40
71
32
25
18
66
28
67
87
73
37
17
20
77
98
18
54
39
1
37
43
44
52
87
41
24
51
22
23
89
73
24
100
9
61
11
38
88
19
5
55
32
35
41
77
26
40
84
92
87
46
64
64
1
95
96
99
33
33
80
64
19
11
92
74
66
80
72
96
27
13
23
12
66
100
15
3
17
70
89
5
51
92
12
9
76
95
18
48
61
58
27
39
33
49
90
12
29
81
36
75
15
77
90
35
76
4
79
100
53
